stock_code,trade_date,open,high,low,close,volume,amount,close_org,close_back
159001.SZ,20210510,99.999,100.001,99.999,99.999,83199.0,831990272.0,99.999,99.999
159003.SZ,20210510,99.999,100.0,99.996,99.999,5787.0,57872732.0,99.999,99.999
159005.SZ,20210510,99.999,100.0,99.999,99.999,20.0,200498.0,99.999,99.999
159801.SZ,20210510,0.573,0.5735,0.5605,0.563,518978.0,58691972.0,1.126,1.126
159804.SZ,20210510,1.038,1.057,1.035,1.037,2835.0,295163.0,1.037,1.037
159805.SZ,20210510,1.003,1.023,1.003,1.015,32913.0,3334815.0,1.015,1.015
159806.SZ,20210510,0.6706666666666666,0.6789999999999999,0.6666666666666666,0.6753333333333332,245351.0,49587448.0,2.026,2.026
159807.SZ,20210510,0.7615,0.772,0.7585,0.765,306469.0,46891720.0,1.53,1.53
159808.SZ,20210510,1.09,1.108,1.086,1.094,13039.0,1426364.0,1.094,1.094
159810.SZ,20210510,1.15,1.169,1.147,1.15,36060.0,4158574.0,1.15,1.15
159811.SZ,20210510,0.99,1.043,0.99,0.994,137395.0,13664950.0,0.994,0.994
159812.SZ,20210510,3.762,3.785,3.762,3.775,3160.0,1194177.0,3.775,3.775
159813.SZ,20210510,0.7213333333333334,0.722,0.7053333333333334,0.7086666666666667,268600.0,28687724.0,1.063,1.063
159814.SZ,20210510,0.575,0.588,0.575,0.58,314971.0,18324448.0,0.58,1.1942200088500976
159816.SZ,20210510,99.23340005874634,99.23840005874634,99.23340005874634,99.23840005874634,5.0,50726.0,101.455,101.4984999987483
159819.SZ,20210510,0.865,0.867,0.854,0.859,593481.0,51059836.0,0.859,0.859
159820.SZ,20210510,0.996,1.002,0.992,0.998,293016.0,29206936.0,0.998,0.998
159821.SZ,20210510,1.071,1.089,1.071,1.079,2859.0,309216.0,1.079,1.079
159822.SZ,20210510,1.021,1.022,1.008,1.01,113913.0,11538785.0,1.01,1.01
159824.SZ,20210510,0.982,0.993,0.975,0.987,284545.0,28043524.0,0.987,0.987
159825.SZ,20210510,1.011,1.013,0.988,0.994,575804.0,57356144.0,0.994,0.994
159827.SZ,20210510,1.018,1.019,0.998,1.004,88072.0,8853216.0,1.004,1.004
159828.SZ,20210510,0.978,0.991,0.97,0.987,465943.0,45663764.0,0.987,0.987
159835.SZ,20210510,1.1,1.143,1.1,1.13,23013.0,2602277.0,1.13,1.13
159837.SZ,20210510,0.951,0.981,0.951,0.97,637117.0,61753480.0,0.97,0.97
159839.SZ,20210510,0.959,0.995,0.959,0.984,263903.0,25928130.0,0.984,0.984
159841.SZ,20210510,0.896,0.896,0.881,0.888,747332.0,66217236.0,0.888,0.888
159842.SZ,20210510,0.945,0.945,0.934,0.942,93394.0,8771549.0,0.942,0.942
159843.SZ,20210510,0.91,0.913,0.887,0.893,146808.0,13209778.0,0.893,0.893
159845.SZ,20210510,2.429953939702569,2.441344348794925,2.4185635306102133,2.4223603336409987,797727.0,50978340.0,0.638,0.638
159848.SZ,20210510,0.775,0.778,0.765,0.769,101913.0,7833244.0,0.769,0.769
159849.SZ,20210510,0.967,1.0,0.967,0.987,91267.0,9016519.0,0.987,0.987
159850.SZ,20210510,0.921,0.923,0.908,0.909,146974.0,13442605.0,0.909,0.909
159851.SZ,20210510,0.5225,0.53,0.5175,0.5275,53324.0,5596273.0,1.055,1.055
159852.SZ,20210510,0.96,0.964,0.949,0.954,383835.0,36668060.0,0.954,0.954
159855.SZ,20210510,0.966,0.97,0.958,0.966,38347.0,3696630.0,0.966,0.966
159856.SZ,20210510,0.826,0.83,0.814,0.817,87330.0,7169281.0,0.817,0.817
159857.SZ,20210510,0.865,0.885,0.859,0.88,450651.0,39533344.0,0.88,0.88
159858.SZ,20210510,1.092,1.131,1.092,1.119,48038.0,5377670.0,1.119,1.119
159861.SZ,20210510,1.018,1.034,1.01,1.028,270849.0,27800776.0,1.028,1.028
159863.SZ,20210510,0.6613333333333333,0.672,0.652,0.6666666666666666,68978.0,6878252.0,1.0,1.0
159865.SZ,20210510,0.893,0.893,0.863,0.869,360922.0,31509612.0,0.869,0.869
159866.SZ,20210510,0.987,0.993,0.982,0.982,1303.0,128526.0,0.982,0.982
159867.SZ,20210510,0.887,0.887,0.855,0.857,56296.0,4865202.0,0.857,0.857
159869.SZ,20210510,0.917,0.923,0.911,0.915,319375.0,29249436.0,0.915,0.915
159870.SZ,20210510,0.916,0.919,0.894,0.9,717197.0,64931660.0,0.9,0.9
159871.SZ,20210510,0.5525,0.577,0.5525,0.577,219796.0,24931058.0,1.154,1.154
159873.SZ,20210510,1.1,1.128,1.1,1.111,111138.0,12368731.0,1.111,1.111
159876.SZ,20210510,0.558,0.5895,0.558,0.5885,121063.0,14019292.0,1.177,1.177
159880.SZ,20210510,1.15,1.2,1.12,1.2,187451.0,21587362.0,1.2,1.2
159883.SZ,20210510,0.963,0.975,0.954,0.964,183552.0,17714574.0,0.964,0.964
159885.SZ,20210510,0.71,0.7200000000000001,0.7000000000000001,0.7146666666666667,112491.0,12012392.0,1.072,1.072
159886.SZ,20210510,1.009,1.019,0.995,1.007,88105.0,8880689.0,1.007,1.007
159890.SZ,20210510,0.954,0.954,0.941,0.945,48744.0,4619794.0,0.945,0.945
159901.SZ,20210510,3.6889999991059303,3.71899999910593,3.6529999991059303,3.6889999991059303,406983.0,153528736.0,3.774,7.667999547421932
159902.SZ,20210510,4.422,4.445,4.379,4.402,32189.0,14189633.0,4.402,4.522000001043081
159903.SZ,20210510,1.591,1.599,1.58,1.586,3752.0,595773.0,1.586,1.586
159905.SZ,20210510,2.3829999982714654,2.3899999982714655,2.3469999982714653,2.360999998271465,196593.0,52501260.0,2.667,2.667
159906.SZ,20210510,1.566,1.591,1.56,1.571,41095.0,6477806.0,1.571,1.571
159907.SZ,20210510,0.879,0.879,0.869,0.869,159.0,27806.0,1.738,1.738
159908.SZ,20210510,2.574,2.617,2.559,2.584,13920.0,3595252.0,2.584,2.584
159909.SZ,20210510,0.7,0.703,0.693,0.697,2495.0,174133.0,0.697,6.827184847831726
159910.SZ,20210510,2.542,2.545,2.518,2.541,300.0,76129.0,2.541,2.541
159912.SZ,20210510,1.9,1.923,1.894,1.9,1616.0,308036.0,1.9,1.9
159913.SZ,20210510,2.481,2.55,2.481,2.55,10395.0,2648864.0,2.55,2.55
159915.SZ,20210510,2.82,2.863,2.805,2.827,2472832.0,699785088.0,2.827,2.827
159916.SZ,20210510,5.765,5.81,5.76,5.801,362.0,208936.0,5.801,5.801
159918.SZ,20210510,1.915,1.915,1.9,1.914,251.0,47879.0,1.914,1.914
159919.SZ,20210510,4.732799995958805,4.753799995958805,4.6857999959588055,4.729799995958805,745916.0,370948992.0,4.984,2.180281032688087
159920.SZ,20210510,1.488,1.494,1.473,1.477,6535926.0,968719616.0,1.477,1.5529999975562097
159922.SZ,20210510,2.4544821930611347,2.4698750686901336,2.4441009513578567,2.459493826986855,114044.0,81135408.0,7.12,7.12
159923.SZ,20210510,2.217,2.264,2.204,2.258,625.0,139210.0,2.258,2.258
159925.SZ,20210510,4.472301034355953,4.488189813387618,4.428606892018873,4.4643566448401195,21376.0,5008828.0,2.348,2.348
159928.SZ,20210510,1.23375,1.2375,1.20375,1.21,192102.0,93572448.0,4.84,4.84
159929.SZ,20210510,2.426,2.469,2.424,2.45,78990.0,19339072.0,2.45,2.45
159930.SZ,20210510,0.742,0.769,0.741,0.769,345025.0,26137912.0,0.769,0.769
159931.SZ,20210510,1.752,1.752,1.73,1.738,7985.0,1387175.0,1.738,1.738
159933.SZ,20210510,2.45,2.508,2.45,2.469,182.0,44938.0,2.469,2.469
159934.SZ,20210510,3.8993778227964735,3.9130894570124197,3.8909398940481985,3.898323081702939,2628853.0,972015104.0,3.696,3.696
159935.SZ,20210510,1.928,1.928,1.903,1.91,464.0,89310.0,1.91,1.91
159936.SZ,20210510,1.946,1.946,1.93,1.94,453.0,87725.0,1.94,1.94
159937.SZ,20210510,3.735,3.741,3.719,3.729,580967.0,216532624.0,3.729,3.729
159938.SZ,20210510,1.0555,1.0795,1.0555,1.0675,62722.0,13404363.0,2.135,2.135
159939.SZ,20210510,0.613,0.635,0.613,0.6255,231106.0,28894110.0,1.251,1.251
159940.SZ,20210510,1.09,1.09,1.073,1.078,14060.0,1515422.0,1.078,1.078
159941.SZ,20210510,0.68575,0.68725,0.6815,0.68625,114101.0,31296174.0,2.745,2.745
159943.SZ,20210510,1.3513856437779723,1.3579860245052533,1.336492477008722,1.3375925404632691,315.0,498456.0,15.807,15.807
159944.SZ,20210510,1.113,1.14,1.104,1.123,23494.0,2623952.0,1.123,1.123
159945.SZ,20210510,0.694,0.725,0.694,0.725,73323.0,5192756.0,0.725,0.725
159948.SZ,20210510,3.09,3.134,3.076,3.101,138846.0,43132724.0,3.101,3.101
159949.SZ,20210510,1.255,1.276,1.246,1.263,11756111.0,1477991424.0,1.263,1.263
159952.SZ,20210510,1.7,1.723,1.69,1.704,379289.0,64651444.0,1.704,1.704
159954.SZ,20210510,0.978,0.978,0.96,0.962,78153.0,7566281.0,0.962,0.962
159956.SZ,20210510,1.768,1.768,1.72,1.764,2806.0,487877.0,1.764,1.764
159957.SZ,20210510,1.796,1.82,1.79,1.8,8718.0,1569181.0,1.8,1.8
159958.SZ,20210510,1.686,1.714,1.684,1.692,40924.0,6939827.0,1.692,1.692
159959.SZ,20210510,1.207,1.209,1.202,1.207,221.0,26663.0,1.207,1.207
159960.SZ,20210510,0.8674999930858611,0.8674999930858611,0.8434999930858611,0.8454999930858611,13942.0,1408041.0,1.007,1.007
159961.SZ,20210510,2.203,2.223,2.187,2.201,1934.0,425487.0,2.201,2.201
159964.SZ,20210510,1.79,1.795,1.734,1.773,4057.0,715723.0,1.773,1.773
159965.SZ,20210510,1.463,1.47,1.445,1.449,3289.0,477519.0,1.449,1.449
159966.SZ,20210510,0.638,0.644,0.629,0.635,549908.0,34965808.0,0.635,1.9535774612426757
159967.SZ,20210510,0.661,0.674,0.657,0.665,3300875.0,219600544.0,0.665,2.419536051750183
159968.SZ,20210510,6.981,7.025,6.921,6.994,7941.0,5548435.0,6.994,6.994
159969.SZ,20210510,1.633,1.639,1.619,1.624,18543.0,3027266.0,1.624,1.624
159970.SZ,20210510,0.9925,1.0793333333333333,0.9925,1.0716666666666665,619.0,397831.0,6.43,6.43
159971.SZ,20210510,0.9875,1.0025,0.9845,0.991,594.0,117611.0,1.982,1.982
159972.SZ,20210510,95.68000009536743,95.68000009536743,95.48100009536743,95.58500009536743,412.0,4292527.0,104.185,104.40499999880791
159973.SZ,20210510,1.728,1.74,1.721,1.721,185.0,31942.0,1.721,1.721
159974.SZ,20210510,1.117,1.124,1.116,1.124,110.0,12327.0,1.124,1.124
159975.SZ,20210510,0.718,0.721,0.707,0.716,124538.0,8885760.0,0.716,7.16
159976.SZ,20210510,1.303,1.308,1.29,1.296,5461.0,709412.0,1.296,1.296
159977.SZ,20210510,1.47,1.494,1.464,1.476,158215.0,46767404.0,2.952,2.952
159980.SZ,20210510,1.431,1.447,1.429,1.447,528755.0,75999640.0,1.447,1.447
159981.SZ,20210510,1.299,1.315,1.289,1.301,60046.0,7786187.0,1.301,1.301
159982.SZ,20210510,1.398,1.406,1.394,1.404,51418.0,7194311.0,1.404,1.404
159985.SZ,20210510,1.326,1.328,1.314,1.321,112806.0,14882744.0,1.321,1.321
159991.SZ,20210510,0.59,0.601,0.588,0.594,289297.0,17186000.0,0.594,1.686959949016571
159992.SZ,20210510,1.442,1.478,1.442,1.461,922632.0,134865328.0,1.461,1.461
159993.SZ,20210510,1.05,1.053,0.995,1.041,490273.0,50916264.0,1.041,1.041
159994.SZ,20210510,0.41,0.41,0.401,0.403,1100846.0,88976760.0,0.806,0.806
159995.SZ,20210510,1.151,1.153,1.126,1.134,5915498.0,673528832.0,1.134,1.134
159996.SZ,20210510,1.391,1.394,1.378,1.388,291652.0,40395452.0,1.388,1.388
159997.SZ,20210510,1.142,1.145,1.127,1.133,703236.0,79747264.0,1.133,1.133
159998.SZ,20210510,1.008,1.017,1.002,1.008,95363.0,9627292.0,1.008,1.008
510010.SH,20210510,1.478,1.5,1.467,1.472,575.0,84845.0,1.472,1.472
510020.SH,20210510,3.544,3.555,3.518,3.532,307.0,108571.0,3.532,0.35320008420944216
510030.SH,20210510,0.809,0.811,0.805,0.809875,444.0,286722.0,6.479,6.479
510050.SH,20210510,3.1649999996721743,3.1649999996721743,3.1099999996721746,3.1469999996721745,4780906.0,1619889152.0,3.399,3.943999998062849
510060.SH,20210510,2.073,2.099,2.073,2.083,970.0,201799.0,2.083,2.083
510090.SH,20210510,2.53,2.53,2.411,2.412,249.0,60866.0,2.412,2.412
510100.SH,20210510,2.890852858181307,2.898053943268333,2.8548474327461766,2.8788510497029303,139619.0,18331130.0,1.316,1.316
510130.SH,20210510,5.477,5.541,5.465,5.496,265.0,145514.0,5.496,5.496
510150.SH,20210510,0.7833333333333333,0.7935,0.7791666666666667,0.7871666666666667,9635.0,9095116.0,9.446,9.446
510160.SH,20210510,0.71,0.712,0.706,0.712,3283.0,233093.0,0.712,0.712
510170.SH,20210510,0.72,0.75175,0.72,0.751,103533.0,30531942.0,3.004,3.004
510180.SH,20210510,3.673999991416931,3.684999991416931,3.6349999914169313,3.670999991416931,139139.0,56783144.0,4.087,11.671499988734721
510190.SH,20210510,4.085,4.095,4.056,4.086,301.0,122604.0,4.086,4.086
510200.SH,20210510,1.051,1.052,1.034,1.043,51127.0,5314661.0,1.043,1.043
510210.SH,20210510,0.7640000029802322,0.7680000029802322,0.7600000029802323,0.7670000029802322,183277.0,17206336.0,0.942,4.71
510230.SH,20210510,1.0592000017166137,1.0592000017166137,1.0412000017166139,1.0522000017166138,350980.0,39101672.0,1.119,6.665000022649765
510270.SH,20210510,1.335,1.348,1.323,1.324,109.0,14496.0,1.324,1.324
510290.SH,20210510,1.902,1.93,1.902,1.924,579.0,111088.0,1.924,1.924
510300.SH,20210510,4.5849999927878375,4.605999992787838,4.535999992787838,4.579999992787838,3691991.0,1843018240.0,4.999,5.459999995470047
510310.SH,20210510,4.294422630325096,4.312429834401968,4.248404219906423,4.290421029419124,685321.0,155657872.0,2.275,2.275
510330.SH,20210510,4.7370000004470345,4.754000000447035,4.683000000447035,4.728000000447035,738132.0,368106688.0,4.998,5.568299990475178
510350.SH,20210510,4.690399996399879,4.70539999639988,4.642399996399879,4.671399996399879,25783.0,12941714.0,5.007,5.007
510360.SH,20210510,1.706,1.706,1.682,1.695,82663.0,13985203.0,1.695,1.695
510370.SH,20210510,1.05,1.05,1.02,1.041,841.0,87501.0,1.041,1.041
510380.SH,20210510,1.311,1.317,1.311,1.312,1843.0,241821.0,1.312,1.312
510390.SH,20210510,4.898000004768371,4.919000004768372,4.862000004768372,4.881000004768372,11272.0,5786114.0,5.136,5.409000001907349
510410.SH,20210510,0.898,0.936,0.895,0.933,502763.0,45755228.0,0.933,0.933
510500.SH,20210510,6.009344954196221,6.059109226630339,5.996249093029348,6.027679159829844,1140243.0,817974848.0,7.179,2.0122738519906997
510510.SH,20210510,1.897,1.912,1.893,1.903,81575.0,15518028.0,1.903,1.903
510530.SH,20210510,6.473,6.518,6.46,6.494,2736.0,1774332.0,6.494,6.494
510550.SH,20210510,1.571,1.575,1.563,1.57,1727.0,270988.0,1.57,1.57
510560.SH,20210510,1.406,1.416,1.405,1.41,25.0,3524.0,1.41,1.41
510570.SH,20210510,0.964,0.966,0.953,0.963,723.0,69276.0,0.963,0.963
510580.SH,20210510,2.9108867945442527,2.9310480827735383,2.9040319565462958,2.915725503719281,13288.0,9611284.0,7.231,7.231
510590.SH,20210510,6.160000012516975,6.207000012516976,6.152000012516975,6.187000012516975,1310.0,913221.0,6.997,6.997
510600.SH,20210510,3.858,3.88,3.823,3.853,35801.0,13794378.0,3.853,3.853
510630.SH,20210510,1.371,1.385,1.352,1.37,202170.0,27671388.0,1.37,5.48
510650.SH,20210510,2.092,2.092,2.074,2.087,65791.0,13725452.0,2.087,2.087
510660.SH,20210510,3.202,3.26,3.202,3.247,31381.0,10141873.0,3.247,3.247
510680.SH,20210510,3.174,3.184,3.143,3.172,4815.0,1520227.0,3.172,3.172
510710.SH,20210510,4.09,4.125,4.051,4.089,70457.0,28751672.0,4.089,4.089
510760.SH,20210510,0.853999999076128,0.853999999076128,0.844999999076128,0.851999999076128,349479.0,34635712.0,0.994,0.994
510800.SH,20210510,1.391,1.392,1.373,1.387,130209.0,18006584.0,1.387,1.387
510810.SH,20210510,0.7940000017881393,0.7940000017881393,0.7790000017881393,0.7840000017881393,46153.0,3992822.0,0.864,0.8939999993294477
510850.SH,20210510,3.48,3.492,3.443,3.476,123725.0,42930384.0,3.476,3.476
510880.SH,20210510,2.200999991953373,2.232999991953373,2.194999991953373,2.229999991953373,1029249.0,293451328.0,2.87,3.8059999895095826
510900.SH,20210510,1.153,1.153,1.136,1.139,4539686.0,519932384.0,1.139,1.189000000745058
511010.SH,20210510,120.48679993486404,120.59279993486405,120.47779993486404,120.54579993486405,5451.0,66845884.0,122.65,123.9300000011921
511020.SH,20210510,95.63399980068206,95.63399980068206,95.63399980068206,95.63399980068206,5.0,52550.0,105.1,106.1
511030.SH,20210510,95.4099772912318,95.49997726977413,95.4099772912318,95.49997726977413,53.0,55045.0,10.39,108.00000002384186
511060.SH,20210510,87.29589995741844,87.29689995741845,87.19589995741845,87.21689995741845,96.0,962013.0,100.171,103.27099999403954
511180.SH,20210510,10.15,10.17,10.148,10.16,24319.0,24697352.0,10.16,10.16
511220.SH,20210510,8.44059998575449,8.44939998575449,8.40859998575449,8.42689998575449,744.0,7162753.0,96.229,125.98899999046326
511260.SH,20210510,109.38199998140335,109.50499998140334,109.37699998140334,109.42499998140335,9700.0,108263056.0,111.618,111.618
511270.SH,20210510,91.50089991724491,91.61289991724492,91.20489991724492,91.42489991724491,319.0,3335057.0,104.59,112.11000004053116
511360.SH,20210510,102.061,102.085,102.061,102.085,2617.0,26711698.0,102.085,102.085
511380.SH,20210510,10.283,10.309,10.275,10.287,32085.0,33014866.0,10.287,10.287
511600.SH,20210510,100.007,100.007,100.001,100.002,114.0,1142128.0,100.002,100.002
511620.SH,20210510,100.0,100.0,99.99,99.994,36.0,358378.0,99.994,99.994
511650.SH,20210510,100.001,100.001,99.993,99.997,437.0,4370492.0,99.997,99.997
511660.SH,20210510,100.0,100.004,99.999,100.002,176124.0,1761262208.0,100.002,100.002
511670.SH,20210510,99.999,100.0,99.995,99.996,25.0,249994.0,99.996,99.996
511690.SH,20210510,100.003,100.005,99.998,100.004,5875.0,58749136.0,100.004,100.004
511700.SH,20210510,100.009,100.012,100.0,100.011,1214.0,12144098.0,100.011,100.011
511770.SH,20210510,100.182,100.182,99.981,99.986,3.0,30015.0,99.986,99.986
511800.SH,20210510,100.003,100.006,99.99,99.999,1413.0,14133620.0,99.999,99.999
511810.SH,20210510,100.01,100.016,100.007,100.011,9313.0,93141968.0,100.011,100.011
511820.SH,20210510,99.995,100.003,99.995,100.003,5.0,49998.0,100.003,100.003
511830.SH,20210510,100.007,100.01,99.997,100.006,257.0,2570105.0,100.006,100.006
511850.SH,20210510,100.0,100.008,99.999,100.008,2077.0,20765708.0,100.008,100.008
511860.SH,20210510,100.0,100.033,99.998,99.999,1090.0,10899612.0,99.999,99.999
511880.SH,20210510,92.55060007572175,92.55760007572174,92.55060007572175,92.55660007572175,1461129.0,14743500800.0,100.906,125.82400022125245
511900.SH,20210510,100.003,100.014,100.0,100.01,514.0,5142443.0,100.01,100.01
511920.SH,20210510,100.0,100.0,99.993,99.993,8.0,75799.0,99.993,99.993
511950.SH,20210510,100.04,100.04,100.04,100.04,1.0,10004.0,100.04,100.04
511960.SH,20210510,100.016,100.016,99.988,100.015,38.0,375853.0,100.015,100.015
511970.SH,20210510,100.009,100.009,99.968,99.995,20.0,199976.0,99.995,99.995
511980.SH,20210510,99.994,100.094,99.993,100.094,41.0,412594.0,100.094,100.094
511990.SH,20210510,100.0,100.006,99.999,100.004,1716531.0,17165643776.0,100.004,100.004
512000.SH,20210510,0.481,0.4815,0.474,0.478,7144296.0,681716416.0,0.956,0.956
512010.SH,20210510,0.74925,0.76825,0.74925,0.761,397638.0,120790160.0,3.044,3.044
512040.SH,20210510,0.7194999978542328,0.7209999978542327,0.7154999978542328,0.7184999978542328,26259.0,4317012.0,1.645,1.645
512070.SH,20210510,0.7366666666666667,0.7366666666666667,0.726,0.7316666666666666,332343.0,72818488.0,2.195,2.195
512090.SH,20210510,1.668,1.674,1.651,1.664,108649.0,18069056.0,1.664,1.664
512100.SH,20210510,2.3891773094972573,2.3946477691671166,2.375501160322609,2.3891773094972573,1405543.0,126621736.0,0.902,0.902
512120.SH,20210510,0.7799999999999999,0.801,0.7799999999999999,0.7933333333333333,27037.0,6451300.0,2.38,2.38
512150.SH,20210510,1.753,1.759,1.731,1.747,7365.0,1283627.0,1.747,1.747
512160.SH,20210510,1.3390000083446503,1.3480000083446502,1.3270000083446503,1.3400000083446502,74841.0,12177017.0,1.63,1.63
512170.SH,20210510,0.8,0.815,0.798,0.809,1483624.0,119745416.0,0.809,2.427
512180.SH,20210510,1.503,1.503,1.491,1.492,908.0,136058.0,1.492,1.492
512190.SH,20210510,1.535,1.557,1.535,1.557,7.0,1080.0,1.557,1.557
512200.SH,20210510,2.2954482177778304,2.2954482177778304,2.2535604765775052,2.2703155730576348,469050.0,38062616.0,0.813,0.813
512220.SH,20210510,1.615,1.615,1.593,1.599,57748.0,9243128.0,1.599,1.599
512260.SH,20210510,1.454,1.463,1.449,1.463,16132.0,2351703.0,1.463,1.463
512290.SH,20210510,1.968,2.002,1.961,1.979,499541.0,98938168.0,1.979,1.979
512330.SH,20210510,0.945,0.945,0.932,0.936,13366.0,1252136.0,0.936,0.936
512360.SH,20210510,1.651,1.651,1.634,1.634,75.0,12265.0,1.634,1.634
512380.SH,20210510,1.454,1.454,1.434,1.445,75534.0,10903823.0,1.445,1.445
512390.SH,20210510,1.139200007200241,1.169200007200241,1.137200007200241,1.1602000072002412,30.0,4443.0,1.489,1.489
512400.SH,20210510,1.1550000005587935,1.1930000005587935,1.1460000005587936,1.1920000005587936,5244790.0,626485568.0,1.217,1.217
512480.SH,20210510,0.949,0.95,0.93,0.936,2400726.0,225181280.0,0.936,1.872
512500.SH,20210510,3.335,3.358,3.325,3.342,315735.0,105438392.0,3.342,3.342
512510.SH,20210510,1.565,1.578,1.564,1.57,21782.0,3414951.0,1.57,1.5940000002086163
512520.SH,20210510,1.3109999868869782,1.319999986886978,1.299999986886978,1.303999986886978,6005.0,981770.0,1.634,1.634
512530.SH,20210510,1.22,1.226,1.211,1.22,1258.0,152962.0,1.22,1.22
512550.SH,20210510,1.706,1.71,1.683,1.693,19706.0,3328715.0,1.693,1.693
512560.SH,20210510,0.57,0.57,0.557,0.5595,157001.0,17607472.0,1.119,1.119
512570.SH,20210510,0.991,0.995,0.978,0.983,20167.0,1980703.0,0.983,0.983
512580.SH,20210510,1.211,1.234,1.201,1.225,134412.0,16470088.0,1.225,1.225
512600.SH,20210510,1.002,1.0055999999999998,0.9778,0.9837999999999999,18664.0,9222679.0,4.919,4.919
512640.SH,20210510,2.132,2.132,2.095,2.118,693.0,145966.0,2.118,2.118
512650.SH,20210510,1.223,1.225,1.212,1.218,479.0,58410.0,1.218,1.218
512660.SH,20210510,0.993,0.993,0.973,0.978,5234617.0,512562816.0,0.978,0.978
512670.SH,20210510,0.7755,0.7755,0.757,0.7625,464032.0,70761568.0,1.525,1.525
512680.SH,20210510,1.014,1.014,0.995,1.002,387866.0,38778572.0,1.002,1.002
512690.SH,20210510,0.9110000059604644,0.9340000059604645,0.8950000059604646,0.9025000059604644,1335462.0,336702112.0,2.505,2.505
512700.SH,20210510,1.1889999972581864,1.1939999972581863,1.1729999972581864,1.1889999972581864,914935.0,118747288.0,1.308,1.4080000014901162
512710.SH,20210510,0.713,0.714,0.705,0.709,1108542.0,78566448.0,0.709,1.418
512720.SH,20210510,1.212999999165535,1.225999999165535,1.204999999165535,1.210999999165535,283790.0,37163540.0,1.307,1.307
512730.SH,20210510,1.22,1.22,1.202,1.212,117523.0,14180458.0,1.212,1.212
512750.SH,20210510,1.129,1.129,1.115,1.125,45567.0,5100164.0,1.125,1.125
512760.SH,20210510,1.1,1.1,1.081,1.086,1840936.0,200435232.0,1.086,2.172
512770.SH,20210510,2.08,2.105,2.063,2.081,29408.0,6124917.0,2.081,2.081
512800.SH,20210510,0.6275,0.6275,0.616,0.6225,1639261.0,203207088.0,1.245,1.245
512810.SH,20210510,0.5175,0.5195,0.507,0.5095,148328.0,15107636.0,1.019,1.019
512820.SH,20210510,1.0759999976754189,1.0759999976754189,1.0559999976754189,1.0659999976754189,61229.0,7697317.0,1.262,1.262
512870.SH,20210510,1.812,1.812,1.79,1.793,162.0,29143.0,1.793,1.793
512880.SH,20210510,1.007,1.007,0.992,0.998,13569290.0,1353454720.0,0.998,0.998
512890.SH,20210510,0.7335,0.7385,0.729,0.7385,4093.0,598403.0,1.477,1.477
512900.SH,20210510,1.0,1.0,0.983,0.989,1097930.0,108736232.0,0.989,0.989
512910.SH,20210510,1.3091999990642071,1.316199999064207,1.2951999990642071,1.306199999064207,77077.0,11132323.0,1.446,1.446
512930.SH,20210510,1.1809999926388264,1.1859999926388263,1.1679999926388265,1.1749999926388264,11738.0,1622166.0,1.379,1.379
512950.SH,20210510,1.143,1.148,1.14,1.142,12706.0,1454324.0,1.142,1.142
512960.SH,20210510,1.1061999988555908,1.1061999988555908,1.0981999988555908,1.1031999988555907,1888.0,215048.0,1.142,1.142
512970.SH,20210510,1.393,1.405,1.386,1.386,435.0,60531.0,1.386,1.386
512980.SH,20210510,0.791,0.794,0.784,0.793,517026.0,40779472.0,0.793,0.793
512990.SH,20210510,1.729,1.741,1.716,1.73,43010.0,7438380.0,1.73,1.73
513000.SH,20210510,1.299,1.305,1.293,1.293,16840.0,2183711.0,1.293,1.293
513030.SH,20210510,1.243,1.246,1.232,1.24,52214.0,6494961.0,1.24,1.24
513050.SH,20210510,1.945,1.951,1.899,1.905,3919279.0,752123840.0,1.905,1.905
513060.SH,20210510,1.066,1.092,1.066,1.076,234749.0,25360004.0,1.076,1.076
513080.SH,20210510,1.257,1.263,1.256,1.263,6295.0,793278.0,1.263,1.263
513090.SH,20210510,1.225,1.227,1.212,1.219,997247.0,121512792.0,1.219,1.219
513100.SH,20210510,0.906,0.908,0.9038,0.9074,242919.0,110083144.0,4.537,4.537
513300.SH,20210510,1.12,1.123,1.116,1.116,153244.0,17146716.0,1.116,1.116
513330.SH,20210510,0.821,0.824,0.8,0.803,8635071.0,697968768.0,0.803,0.803
513500.SH,20210510,1.296,1.2975,1.2915,1.2925,213150.0,55198280.0,2.585,2.585
513520.SH,20210510,1.292,1.294,1.283,1.283,31641.0,4073139.0,1.283,1.283
513550.SH,20210510,1.018,1.02,1.003,1.005,1193310.0,120423712.0,1.005,1.005
513600.SH,20210510,2.615000000074506,2.6210000000745057,2.5900000000745056,2.599000000074506,87282.0,23123092.0,2.644,2.644
513660.SH,20210510,2.694,2.702,2.667,2.678,54179.0,14546957.0,2.678,2.678
513800.SH,20210510,1.1500000006705522,1.1540000006705522,1.1500000006705522,1.1520000006705522,454.0,53637.0,1.182,1.182
513880.SH,20210510,1.249,1.252,1.244,1.248,19655.0,2454548.0,1.248,1.248
513900.SH,20210510,1.149,1.153,1.134,1.135,264927.0,30258252.0,1.135,1.135
513990.SH,20210510,1.079,1.085,1.069,1.072,66170.0,7101205.0,1.072,1.072
515000.SH,20210510,0.833,0.84,0.826,0.8315,512570.0,85334856.0,1.663,1.663
515010.SH,20210510,1.107,1.111,1.091,1.099,41709.0,4570631.0,1.099,1.099
515020.SH,20210510,1.257,1.257,1.227,1.236,7888.0,971218.0,1.236,1.236
515030.SH,20210510,1.576,1.596,1.563,1.588,1470545.0,232750928.0,1.588,1.588
515050.SH,20210510,0.991,0.991,0.971,0.977,2475921.0,242371456.0,0.977,0.977
515060.SH,20210510,0.951,0.952,0.94,0.941,30207.0,2850224.0,0.941,0.941
515070.SH,20210510,1.091,1.103,1.087,1.095,75105.0,8221421.0,1.095,1.095
515080.SH,20210510,1.074000005401671,1.074000005401671,1.052000005401671,1.0670000054016708,114058.0,15778201.0,1.392,1.4519999986588954
515090.SH,20210510,1.345,1.353,1.337,1.339,546.0,73633.0,1.339,1.339
515100.SH,20210510,0.7876999917626382,0.8006999917626381,0.7876999917626382,0.8006999917626381,5755.0,768008.0,1.343,1.343
515110.SH,20210510,1.203,1.22,1.103,1.218,12152.0,1476631.0,1.218,1.218
515120.SH,20210510,1.065,1.095,1.065,1.084,666836.0,72244872.0,1.084,1.084
515130.SH,20210510,1.432,1.443,1.422,1.432,89473.0,12809884.0,1.432,1.432
515150.SH,20210510,1.21,1.221,1.209,1.22,2927.0,355763.0,1.22,1.22
515160.SH,20210510,1.412,1.415,1.399,1.401,846.0,118977.0,1.401,1.401
515170.SH,20210510,0.88,0.882,0.857,0.863,1245866.0,107974104.0,0.863,0.863
515180.SH,20210510,0.9380000005066396,0.9470000005066395,0.9350000005066395,0.9460000005066396,211759.0,25867336.0,1.227,1.2779999990463258
515190.SH,20210510,1.282,1.282,1.261,1.263,728.0,93135.0,1.263,1.263
515200.SH,20210510,1.81,1.83,1.8,1.815,24215.0,4390050.0,1.815,1.815
515210.SH,20210510,1.5200000040978194,1.5650000040978194,1.4800000040978194,1.5570000040978194,1106075.0,193638032.0,1.782,1.782
515220.SH,20210510,0.6465000000745058,0.6905000000745058,0.6440000000745058,0.6850000000745058,1091435.0,181532576.0,1.71,1.71
515230.SH,20210510,0.92,0.924,0.91,0.915,341978.0,31336242.0,0.915,0.915
515250.SH,20210510,0.889,0.889,0.866,0.871,341911.0,29881748.0,0.871,0.871
515260.SH,20210510,0.455,0.4555,0.449,0.4515,260689.0,23555136.0,0.903,0.903
515290.SH,20210510,1.108,1.108,1.09,1.104,636700.0,69867936.0,1.104,1.104
515300.SH,20210510,0.7948999991118908,0.7998999991118907,0.7918999991118907,0.7998999991118907,25429.0,2877747.0,1.136,1.136
515310.SH,20210510,1.318,1.322,1.307,1.317,18232.0,2400177.0,1.317,1.317
515320.SH,20210510,0.88,0.884,0.872,0.875,237601.0,20878698.0,0.875,0.875
515330.SH,20210510,1.291,1.297,1.278,1.293,77762.0,9985667.0,1.293,1.293
515350.SH,20210510,5.624,5.652,5.581,5.616,20636.0,11572460.0,5.616,5.616
515360.SH,20210510,5.679,5.679,5.648,5.661,547.0,310565.0,5.661,5.661
515380.SH,20210510,5.11,5.13,5.059,5.105,184039.0,93766152.0,5.105,5.105
515390.SH,20210510,1.265,1.271,1.254,1.265,161348.0,20385608.0,1.265,1.265
515400.SH,20210510,0.88,0.885,0.865,0.87,105928.0,9217030.0,0.87,0.87
515450.SH,20210510,0.7629999984353781,0.7749999984353781,0.7629999984353781,0.7729999984353781,119507.0,14316808.0,1.203,1.203
515530.SH,20210510,3.274,3.291,3.259,3.278,39111.0,12804832.0,3.278,3.278
515550.SH,20210510,1.31,1.332,1.31,1.312,218.0,28663.0,1.312,1.312
515560.SH,20210510,0.899,0.899,0.884,0.892,277533.0,24680664.0,0.892,0.892
515580.SH,20210510,0.8015,0.809,0.797,0.8035,64117.0,10287037.0,1.607,1.607
515590.SH,20210510,1.4,1.416,1.4,1.416,16391.0,2312725.0,1.416,1.416
515600.SH,20210510,1.053,1.067,1.053,1.066,1451.0,154451.0,1.066,1.066
515630.SH,20210510,1.118,1.118,1.106,1.114,87873.0,9778458.0,1.114,1.114
515650.SH,20210510,1.63,1.642,1.6,1.611,384326.0,62298904.0,1.611,1.611
515660.SH,20210510,5.306,5.321,5.26,5.315,3112.0,1649445.0,5.315,5.315
515680.SH,20210510,1.078,1.086,1.078,1.086,1502.0,162143.0,1.086,1.086
515700.SH,20210510,1.987,2.016,1.976,2.009,676236.0,135277776.0,2.009,2.009
515710.SH,20210510,0.9,0.902,0.876,0.885,613059.0,54307932.0,0.885,0.885
515750.SH,20210510,1.383,1.389,1.37,1.379,129381.0,17845530.0,1.379,1.379
515760.SH,20210510,1.138,1.139,1.132,1.132,10052.0,1140441.0,1.132,1.132
515770.SH,20210510,1.31,1.32,1.304,1.312,178806.0,23451520.0,1.312,1.312
515790.SH,20210510,1.065,1.09,1.057,1.084,2076960.0,224340656.0,1.084,1.084
515800.SH,20210510,1.1609999965429305,1.1649999965429305,1.1499999965429306,1.1589999965429305,312384.0,39652672.0,1.271,1.271
515810.SH,20210510,1.39,1.397,1.383,1.392,13641.0,1899856.0,1.392,1.392
515850.SH,20210510,1.159,1.168,1.142,1.151,86503.0,9935616.0,1.151,1.151
515860.SH,20210510,1.405,1.412,1.391,1.399,29573.0,4140326.0,1.399,1.399
515880.SH,20210510,0.299,0.29933333333333334,0.29533333333333334,0.296,876621.0,77984384.0,0.888,0.888
515890.SH,20210510,0.977600004002452,0.985600004002452,0.973600004002452,0.985600004002452,36452.0,4773286.0,1.318,1.318
515900.SH,20210510,1.077,1.082,1.073,1.08,672.0,72498.0,1.08,1.08
515910.SH,20210510,0.891,0.893,0.872,0.878,220703.0,19401732.0,0.878,0.878
515920.SH,20210510,0.875,0.881,0.869,0.874,68817.0,6015032.0,0.874,0.874
515950.SH,20210510,1.5829999959468841,1.6309999959468842,1.5829999959468841,1.6119999959468843,45526.0,7903978.0,1.739,1.739
515960.SH,20210510,1.464,1.464,1.424,1.44,19992.0,2889863.0,1.44,1.44
515980.SH,20210510,0.514,0.5145,0.5035,0.5065,125752.0,12744622.0,1.013,1.013
515990.SH,20210510,1.241,1.254,1.215,1.253,787.0,97932.0,1.253,1.253
516000.SH,20210510,0.906,0.906,0.889,0.895,25519.0,2279478.0,0.895,0.895
516010.SH,20210510,0.915,0.921,0.909,0.913,272900.0,24938420.0,0.913,0.913
516020.SH,20210510,0.931,0.939,0.918,0.922,166575.0,15410600.0,0.922,0.922
516050.SH,20210510,0.862,0.871,0.858,0.863,229291.0,19806604.0,0.863,0.863
516060.SH,20210510,0.971,1.007,0.971,0.997,43894.0,4367016.0,0.997,0.997
516070.SH,20210510,0.5055,0.5145,0.4995,0.511,102371.0,10444349.0,1.022,1.022
516080.SH,20210510,0.965,0.998,0.965,0.986,190721.0,18792672.0,0.986,0.986
516090.SH,20210510,0.5225,0.5315,0.508,0.5295,51937.0,5471509.0,1.059,1.059
516110.SH,20210510,0.97,0.992,0.96,0.985,318470.0,31188940.0,0.985,0.985
516120.SH,20210510,0.943,0.95,0.929,0.934,267666.0,25089550.0,0.934,0.934
516150.SH,20210510,0.96,0.994,0.96,0.991,577130.0,56483076.0,0.991,0.991
516160.SH,20210510,2.846974795587521,2.8857971791637147,2.801682014748629,2.8760915832696665,715043.0,63189944.0,0.889,0.889
516180.SH,20210510,0.851,0.866,0.842,0.862,85319.0,7317444.0,0.862,0.862
516200.SH,20210510,0.977,0.977,0.964,0.965,34441.0,3335492.0,0.965,0.965
516220.SH,20210510,0.975,0.982,0.961,0.966,376127.0,36478752.0,0.966,0.966
516300.SH,20210510,2.371354038868391,2.3855821631016014,2.371354038868391,2.3832108090627324,61855.0,6200183.0,1.005,1.005
516330.SH,20210510,0.993,0.998,0.981,0.988,3284.0,324953.0,0.988,0.988
516500.SH,20210510,1.136,1.176,1.136,1.164,76635.0,8919318.0,1.164,1.164
516510.SH,20210510,0.928,0.931,0.917,0.92,60619.0,5578099.0,0.92,0.92
516520.SH,20210510,0.892,0.898,0.873,0.877,250202.0,22056184.0,0.877,0.877
516550.SH,20210510,0.984,0.993,0.967,0.973,21193.0,2067755.0,0.973,0.973
516600.SH,20210510,0.87,0.883,0.865,0.875,60822.0,5309524.0,0.875,0.875
516660.SH,20210510,0.969,0.98,0.964,0.975,137368.0,13381968.0,0.975,0.975
516670.SH,20210510,0.956,0.956,0.921,0.923,69023.0,6417532.0,0.923,0.923
516760.SH,20210510,0.933,0.933,0.898,0.903,100572.0,9178358.0,0.903,0.903
516770.SH,20210510,0.909,0.914,0.903,0.907,61506.0,5580362.0,0.907,0.907
516780.SH,20210510,0.911,0.939,0.905,0.939,1199734.0,110650776.0,0.939,0.939
516800.SH,20210510,0.46,0.4665,0.4585,0.462,108157.0,10000999.0,0.924,0.924
516850.SH,20210510,1.044,1.06,1.036,1.053,24172.0,2535766.0,1.053,1.053
516880.SH,20210510,0.892,0.912,0.885,0.905,425049.0,38377576.0,0.905,0.905
516900.SH,20210510,0.959,0.976,0.948,0.954,70309.0,6771039.0,0.954,0.954
516960.SH,20210510,0.969,0.982,0.955,0.97,245295.0,23758948.0,0.97,0.97
517000.SH,20210510,0.918,0.921,0.909,0.915,100985.0,9219644.0,0.915,0.915
517050.SH,20210510,0.853,0.859,0.843,0.848,147882.0,12564319.0,0.848,0.848
517080.SH,20210510,0.919,0.923,0.91,0.913,194852.0,17841792.0,0.913,0.913
517100.SH,20210510,0.916,0.92,0.908,0.912,72353.0,6613337.0,0.912,0.912
517170.SH,20210510,0.982,0.985,0.972,0.975,43092.0,4212459.0,0.975,0.975
517200.SH,20210510,0.844,0.85,0.829,0.832,97400.0,8133989.0,0.832,0.832
517300.SH,20210510,0.887,0.89,0.877,0.886,131260.0,11585595.0,0.886,0.886
518600.SH,20210510,4.2253982397041945,4.25007537303934,4.2253982397041945,4.238858494250637,6773.0,2558138.0,3.779,3.779
518660.SH,20210510,3.766,3.788,3.766,3.777,5488.0,2073448.0,3.777,3.777
518680.SH,20210510,3.9348371029204654,3.9546783728131114,3.933792825557695,3.9442355991854035,2949.0,1113332.0,3.777,3.777
518800.SH,20210510,3.691,3.704,3.684,3.693,613601.0,226590320.0,3.693,3.693
518850.SH,20210510,3.77,3.788,3.77,3.778,11886.0,4489550.0,3.778,3.778
518860.SH,20210510,3.762,3.79,3.762,3.79,830.0,313159.0,3.79,3.79
518880.SH,20210510,3.724,3.74,3.72,3.73,3787666.0,1412093312.0,3.73,3.73
518890.SH,20210510,3.801,3.816,3.801,3.815,6126.0,2336764.0,3.815,3.815
588000.SH,20210510,1.302,1.304,1.288,1.294,3960080.0,512312480.0,1.294,1.294
588050.SH,20210510,1.294,1.294,1.276,1.279,1122344.0,144032032.0,1.279,1.279
588080.SH,20210510,1.2809999995678663,1.2809999995678663,1.2609999995678662,1.2659999995678664,1324148.0,169744128.0,1.28,1.28
588090.SH,20210510,1.305,1.305,1.286,1.293,817905.0,105780048.0,1.293,1.293
